0.00108 0.0801352 0.000944567
0.002175 0.153599 0.00276721
0.003243 0.211039 0.00528994
0.005213 0.265014 0.00848012
0.006283 0.262845 0.0116834
0.007355 0.240009 0.0146551
0.008444 0.19983 0.0171863
0.009529 0.148945 0.0191439
0.010613 0.0946936 0.0204798
0.011675 0.0457335 0.0212475
0.012738 0.00779729 0.0215691
0.013796 -0.0133641 0.0216363
0.014897 -0.0137855 0.0216902
0.01596 0.00824453 0.0219953
0.017021 0.0512407 0.022802
0.018083 0.111989 0.024326
0.019161 0.186357 0.0267366
0.020242 0.266825 0.0301166
0.021307 0.344397 0.0344434
0.022374 0.413184 0.0396241
0.02344 0.466773 0.0454888
0.024559 0.501825 0.0518255
0.025664 0.512606 0.058352
0.026726 0.500882 0.0648025
0.027785 0.470315 0.0709514
0.028848 0.425439 0.0766234
0.029961 0.370119 0.0816868
0.031035 0.316295 0.086149
0.03218 0.26694 0.0900531
0.033247 0.235316 0.093599
0.034327 0.222565 0.0970033
0.035395 0.231803 0.100522
0.03649 0.26416 0.104428
0.03756 0.315932 0.108953
0.038619 0.3824 0.114278
0.039688 0.458742 0.120527
0.040806 0.540708 0.127777
0.04191 0.615582 0.135954
0.043017 0.677052 0.14491
0.044076 0.71762 0.154405
0.04518 0.737416 0.164198
0.046286 0.733299 0.174006
0.047446 0.705322 0.183546
0.048568 0.660103 0.192607
0.049661 0.605593 0.201068
0.050774 0.547472 0.208877
0.05185 0.496628 0.216108
0.052917 0.458356 0.222899
0.053987 0.437607 0.229449
0.05508 0.438261 0.236003
0.056169 0.46201 0.242832
0.057249 0.506821 0.250187
0.058319 0.568218 0.258267
0.059392 0.640988 0.267212
0.060498 0.720258 0.277109
0.061606 0.795799 0.287922
0.06271 0.859407 0.299519
0.063791 0.904231 0.311684
0.064853 0.92749 0.324168
0.065918 0.928557 0.336708
0.067042 0.906531 0.349028
0.06816 0.864849 0.36089
0.069258 0.810736 0.372136
0.070329 0.752507 0.382706
0.071407 0.696109 0.392611
0.072518 0.648075 0.401935
0.073598 0.617624 0.410877
0.074678 0.607654 0.419669
0.075733 0.619676 0.428567
0.076852 0.655384 0.437849
0.077962 0.71085 0.44775
0.079074 0.780671 0.458445
0.080212 0.859063 0.470043
0.081332 0.934449 0.481585
0.082409 0.997481 0.493022
0.083497 1.04517 0.504379
0.084607 1.07239 0.515467
0.085677 1.07587 0.526668
0.086762 1.05689 0.537955
0.087845 1.01826 0.549288
0.088958 0.963482 0.560585
0.090055 0.901665 0.571783
0.091135 0.840995 0.582812
0.092214 0.78816 0.593616
0.093291 0.749797 0.604153
0.094363 0.730791 0.614397
0.095441 0.733719 0.62434
0.096514 0.758811 0.634
0.097578 0.803299 0.643406
0.098688 0.865712 0.652625
0.09978 0.936387 0.6617
0.100843 1.00663 0.670683
0.101949 1.07329 0.679652
0.10304 1.12543 0.688632
0.104131 1.1584 0.697626
0.105211 1.1688 0.706657
0.106288 1.15633 0.715719
0.107362 1.12295 0.724777
0.108433 1.07294 0.73379
0.109503 1.0122 0.742734
0.110568 0.9481 0.751533
0.11168 0.885299 0.760128
0.112788 0.834627 0.768436
0.113903 0.802053 0.776435
0.114984 0.792092 0.784127
0.116081 0.805149 0.791512
0.117176 0.840111 0.798627
0.118327 0.896142 0.80556
0.119399 0.959986 0.812305
0.120476 1.02818 0.818869
0.121556 1.09298 0.825314
0.122625 1.14642 0.831682
0.123717 1.18384 0.838044
0.124791 1.19957 0.844395
0.125891 1.19215 0.850745
0.127005 1.1613 0.85709
0.128114 1.11092 0.863391
0.129228 1.04662 0.869574
0.130307 0.978517 0.875617
0.131456 0.908385 0.881389
0.132556 0.851608 0.88688
0.133654 0.811709 0.892071
0.134753 0.793101 0.89695
0.135811 0.797242 0.901515
0.136885 0.822924 0.905776
0.137955 0.866945 0.909767
0.139035 0.924779 0.913533
0.140158 0.991837 0.917126
0.141243 1.05537 0.92057
0.142361 1.11141 0.923935
0.14347 1.15052 0.927258
0.144553 1.168 0.930547
0.14566 1.1622 0.933791
0.146743 1.13366 0.936989
0.147833 1.085 0.940124
0.148931 1.02103 0.943144
0.150029 0.949122 0.945984
0.151191 0.873226 0.948556
0.152259 0.811583 0.950909
0.153456 0.759814 0.952936
0.154533 0.734069 0.954694
0.155599 0.73051 0.956181
0.156686 0.749175 0.957385
0.157767 0.787342 0.958314
0.158854 0.840405 0.958991
0.159921 0.900286 0.959415
0.161056 0.964238 0.95969
0.162159 1.01843 0.959868
0.163269 1.05773 0.959968
0.164372 1.0762 0.959997
0.16544 1.07172 0.959967
0.166542 1.0438 0.959864
0.167601 0.996959 0.959685
0.168678 0.933809 0.959414
0.169743 0.862184 0.959013
0.170822 0.787672 0.958415
0.171892 0.71935 0.957582
0.172986 0.662347 0.956458
0.174071 0.624281 0.955029
0.17515 0.60813 0.953289
0.176221 0.614438 0.951243
0.177334 0.642831 0.948932
0.178448 0.689101 0.946369
0.179529 0.744787 0.943588
0.180637 0.805144 0.940668
0.181919 0.868321 0.937707
0.183035 0.908734 0.934625
0.184097 0.928695 0.931419
0.185172 0.927195 0.928109
0.18627 0.902243 0.924687
0.187357 0.856006 0.92114
0.188446 0.792459 0.917446
0.189531 0.718193 0.913587
0.190608 0.640987 0.909549
0.191688 0.567773 0.905342
0.192843 0.502262 0.900895
0.193928 0.458981 0.896245
0.195051 0.436956 0.891368
0.196162 0.439284 0.886281
0.197265 0.46377 0.880992
0.198344 0.505073 0.875468
0.199422 0.557528 0.869764
0.200485 0.6132 0.863888
0.201568 0.666315 0.85787
0.202677 0.709305 0.851744
0.203715 0.733314 0.845488
0.20479 0.737618 0.839135
0.205879 0.718891 0.832687
0.206955 0.678373 0.826158
0.208038 0.618827 0.819541
0.209121 0.545933 0.812827
0.210199 0.467065 0.805969
0.211279 0.389391 0.798986
0.212387 0.318942 0.791785
0.213495 0.264756 0.784346
0.214603 0.231841 0.776658
0.215755 0.222775 0.768732
0.216859 0.237677 0.760603
0.217957 0.272139 0.752296
0.219033 0.319567 0.743818
0.220115 0.374005 0.735164
0.221189 0.427174 0.72638
0.222273 0.472406 0.717483
0.223357 0.50253 0.708507
0.224444 0.512611 0.699484
0.225523 0.500066 0.690423
0.2266 0.465095 0.681325
0.227671 0.41055 0.672187
0.228788 0.337738 0.662958
0.229881 0.257613 0.653625
0.231007 0.174192 0.644175
0.232104 0.100217 0.634533
0.233182 0.0415144 0.624745
0.234265 0.00175389 0.614719
0.235363 -0.0158024 0.60445
0.236424 -0.0105435 0.593948
0.237506 0.0152056 0.583237
0.2386 0.0576114 0.572351
0.239723 0.111404 0.561364
0.2408 0.165091 0.550248
0.241877 0.213118 0.539072
0.242968 0.248865 0.527884
0.244087 0.266066 0.516722
0.245172 0.260341 0.505593
0.246279 0.230813 0.494489
0.247361 0.180616 0.483383
0.248459 0.112449 0.47224
0.249561 0.0330121 0.461009
0.250647 -0.0485036 0.44968
0.251757 -0.126952 0.438196
0.252828 -0.190749 0.426578
0.253898 -0.237098 0.414798
0.254978 -0.26251 0.402837
0.256062 -0.265075 0.3907
0.257148 -0.245868 0.378393
0.258223 -0.209092 0.365925
0.259298 -0.160328 0.353344
0.260403 -0.105102 0.340694
0.261514 -0.0526037 0.32793
0.2626 -0.0118817 0.3152
0.263764 0.0130084 0.302573
0.264829 0.0144413 0.290031
0.265906 -0.00659936 0.277589
0.266966 -0.04854 0.265241
0.268026 -0.108358 0.252971
0.269111 -0.18272 0.240716
0.270181 -0.262259 0.228429
0.271255 -0.340761 0.216057
0.272336 -0.410962 0.203587
0.273404 -0.465264 0.190931
0.274489 -0.500332 0.178059
0.275579 -0.512629 0.164948
0.276707 -0.501269 0.151625
0.277822 -0.468959 0.138149
0.278953 -0.420465 0.124597
0.28002 -0.367101 0.111009
0.281101 -0.313146 0.0974428
0.282247 -0.264482 0.0839747
0.283351 -0.233182 0.0706391
0.284452 -0.222495 0.057435
0.285575 -0.235561 0.0443567
0.286651 -0.270764 0.0313959
0.287721 -0.325194 0.0185397
0.288786 -0.393888 0.00576137
0.289851 -0.470754 -0.00698376
0.290929 -0.549497 -0.0197519
0.292002 -0.621304 -0.0325657
0.293075 -0.679776 -0.0454751
0.294188 -0.720712 -0.0585343
0.295294 -0.73809 -0.0717505
0.296398 -0.731595 -0.0851211
0.297506 -0.7033 -0.098609
0.298575 -0.659779 -0.112172
0.299674 -0.604913 -0.125739
0.300781 -0.547116 -0.13924
0.301921 -0.493636 -0.152613
0.303007 -0.455867 -0.165846
0.304088 -0.436705 -0.178912
0.305164 -0.439276 -0.191795
0.306248 -0.464605 -0.204501
0.307316 -0.510221 -0.217047
0.308397 -0.573209 -0.229436
0.30948 -0.647242 -0.241731
0.310547 -0.723742 -0.253942
0.31163 -0.797333 -0.266167
0.312703 -0.859055 -0.278462
0.31379 -0.904199 -0.290866
0.314867 -0.927649 -0.303393
0.315938 -0.928366 -0.316041
0.317045 -0.906443 -0.328777
0.318115 -0.866835 -0.341576
0.319343 -0.806212 -0.354305
0.320427 -0.747173 -0.36696
0.321511 -0.691063 -0.37949
0.322605 -0.644954 -0.391847
0.323722 -0.615378 -0.403996
0.324792 -0.607905 -0.415918
0.325869 -0.622795 -0.427598
0.326941 -0.659158 -0.43905
0.328013 -0.713792 -0.450291
0.32909 -0.781745 -0.461362
0.330163 -0.855661 -0.472329
0.331256 -0.929565 -0.483248
0.33232 -0.992791 -0.494184
0.33338 -1.04097 -0.505178
0.33445 -1.06998 -0.51626
0.33558 -1.07648 -0.527435
0.336654 -1.05973 -0.53868
0.337729 -1.0232 -0.549957
0.338803 -0.97177 -0.561215
0.339881 -0.911664 -0.572409
0.34095 -0.851037 -0.583478
0.342066 -0.794688 -0.594316
0.343177 -0.753013 -0.604892
0.344284 -0.731465 -0.615157
0.345386 -0.73302 -0.625117
0.34649 -0.75802 -0.634803
0.34759 -0.803897 -0.644263
0.348694 -0.866082 -0.653531
0.349793 -0.937253 -0.662673
0.350892 -1.00978 -0.671737
0.35195 -1.07334 -0.680734
0.35302 -1.12464 -0.689723
0.354087 -1.1575 -0.698723
0.355166 -1.16883 -0.707753
0.356231 -1.15754 -0.716824
0.357316 -1.12477 -0.725918
0.35841 -1.07415 -0.735001
0.359477 -1.01375 -0.743997
0.360596 -0.946433 -0.752809
0.361701 -0.884205 -0.761416
0.362812 -0.833712 -0.769733
0.363877 -0.802565 -0.777733
0.364992 -0.792103 -0.785376
0.366111 -0.805827 -0.792686
0.367187 -0.840562 -0.799693
0.368265 -0.892726 -0.806448
0.369334 -0.955925 -0.813003
0.370433 -1.02548 -0.81943
0.37153 -1.09152 -0.82579
0.372646 -1.14732 -0.832136
0.373752 -1.1847 -0.838472
0.374831 -1.19972 -0.844817
0.375951 -1.19107 -0.851174
0.377068 -1.15892 -0.857514
0.378146 -1.10923 -0.863798
0.379288 -1.04291 -0.869943
0.380355 -0.975477 -0.875951
0.381421 -0.910398 -0.881779
0.382519 -0.853276 -0.887316
0.383616 -0.812753 -0.892525
0.384722 -0.793309 -0.897392
0.385804 -0.797144 -0.901921
0.386858 -0.822033 -0.906129
0.387935 -0.865982 -0.910047
0.389014 -0.923568 -0.913723
0.390084 -0.987367 -0.91722
0.39117 -1.0513 -0.920596
0.392241 -1.10608 -0.9239
0.393309 -1.14608 -0.927167
0.394423 -1.16708 -0.93044
0.395505 -1.16447 -0.933709
0.39666 -1.1366 -0.936938
0.39776 -1.08879 -0.94009
0.398877 -1.02443 -0.9432
0.399937 -0.955258 -0.946172
0.401035 -0.883065 -0.948916
0.402135 -0.818113 -0.95138
0.403258 -0.766821 -0.953514
0.40433 -0.737257 -0.955305
0.405412 -0.729531 -0.956743
0.406484 -0.744095 -0.957843
0.407573 -0.779249 -0.958641
0.40866 -0.830139 -0.959183
0.409746 -0.89024 -0.959524
0.410854 -0.953223 -0.959722
0.411918 -1.00765 -0.959818
0.413029 -1.05084 -0.959876
0.414134 -1.07414 -0.959896
0.415213 -1.07457 -0.959881
0.416316 -1.05137 -0.959821
0.417402 -1.00708 -0.959694
0.418572 -0.940551 -0.959398
0.419713 -0.864263 -0.958899
0.420799 -0.789228 -0.958199
0.42188 -0.720059 -0.957296
0.42296 -0.663504 -0.956148
0.42403 -0.625336 -0.954724
0.425178 -0.608013 -0.952991
0.426249 -0.614892 -0.95096
0.42733 -0.642694 -0.94864
0.428413 -0.687437 -0.946054
0.429481 -0.742189 -0.943233
0.43059 -0.802625 -0.940247
0.431654 -0.856409 -0.937145
0.432714 -0.898933 -0.933956
0.43379 -0.925016 -0.930715
0.434851 -0.93003 -0.927435
0.435912 -0.912922 -0.924122
0.436999 -0.873384 -0.920758
0.438075 -0.815691 -0.917327
0.439164 -0.744092 -0.913762
0.44024 -0.667279 -0.910063
0.441319 -0.591847 -0.906167
0.442387 -0.526063 -0.90203
0.443479 -0.474435 -0.897577
0.444542 -0.443915 -0.892805
0.445625 -0.435196 -0.887685
0.446719 -0.449095 -0.882241
0.447757 -0.480797 -0.876491
0.448843 -0.528379 -0.870506
0.449917 -0.583415 -0.864321
0.451018 -0.640266 -0.858019
0.452117 -0.689481 -0.851649
0.453188 -0.723372 -0.845265
0.454262 -0.738283 -0.838914
0.455341 -0.731057 -0.832619
0.456426 -0.700875 -0.826381
0.457505 -0.650186 -0.820155
0.458583 -0.583401 -0.813932
0.459666 -0.506374 -0.807584
0.460786 -0.424189 -0.801003
0.461869 -0.35024 -0.794173
0.463017 -0.285763 -0.786994
0.464157 -0.242313 -0.779455
0.46526 -0.223487 -0.771568
0.466357 -0.228189 -0.763366
0.467416 -0.253013 -0.75487
0.468515 -0.295453 -0.746145
0.469552 -0.345298 -0.737221
0.470629 -0.400029 -0.728176
0.471745 -0.451881 -0.719105
0.472816 -0.489741 -0.710032
0.47389 -0.510215 -0.700989
0.474971 -0.509355 -0.692009
0.476034 -0.486174 -0.683124
0.477142 -0.439708 -0.674287
0.478226 -0.376001 -0.665475
0.479325 -0.29899 -0.65657
0.480436 -0.21607 -0.647518
0.481625 -0.131136 -0.63819
0.482729 -0.0641124 -0.628617
0.483791 -0.016536 -0.618761
0.484916 0.0115125 -0.608589
0.485984 0.0152985 -0.598125
0.487055 -0.00220725 -0.587385
0.488133 -0.0378776 -0.576413
0.489215 -0.0862896 -0.565268
0.490285 -0.139663 -0.553995
0.491353 -0.190923 -0.54269
0.492432 -0.233327 -0.5314
0.49356 -0.26072 -0.520196
0.49467 -0.265855 -0.509092
0.495768 -0.247362 -0.49809
0.496863 -0.206122 -0.487164
0.497928 -0.147221 -0.476353
0.498993 -0.0748748 -0.465599
0.50011 0.00829319 -0.454737
0.501209 0.0893433 -0.443705
0.502279 0.159905 -0.432458
0.503384 0.217287 -0.420923
0.50447 0.253376 -0.409097
0.50555 0.266709 -0.396961
0.506622 0.25771 -0.384538
0.507688 0.229287 -0.371871
0.508795 0.184213 -0.359053
0.509931 0.128808 -0.346161
0.511014 0.0753248 -0.33327
0.5121 0.0288861 -0.320449
0.513215 -0.00406649 -0.307748
0.514344 -0.0164902 -0.295184
0.515424 -0.00561565 -0.282746
0.516556 0.0299753 -0.270403
0.517638 0.0846767 -0.258133
0.51876 0.157612 -0.245869
0.519837 0.236469 -0.233583
0.520915 0.316514 -0.221226
0.521993 0.390069 -0.208741
0.523067 0.450069 -0.196105
0.524124 0.491003 -0.183285
0.525196 0.51098 -0.170266
0.526291 0.50818 -0.157054
0.527364 0.484462 -0.143695
0.528443 0.443837 -0.130216
0.529518 0.392655 -0.116673
0.5306 0.337648 -0.10311
0.531733 0.284696 -0.0896139
0.532838 0.245429 -0.0762212
0.533918 0.224881 -0.0629477
0.535009 0.225883 -0.0498065
0.536067 0.249005 -0.0368066
0.537207 0.296885 -0.0238905
0.538313 0.361966 -0.0110316
0.539432 0.439988 0.00182016
0.540513 0.519487 0.0146421
0.541584 0.594569 0.0274991
0.542676 0.659965 0.0404062
0.543711 0.705905 0.0533949
0.544774 0.732923 0.0665383
0.545882 0.737523 0.0798489
0.546946 0.720086 0.0932968
0.548009 0.684461 0.106862
0.549075 0.635646 0.120459
0.550146 0.580098 0.134045
0.551293 0.521826 0.147533
0.552397 0.475112 0.160877
0.553467 0.445213 0.174054
0.55454 0.435044 0.187036
0.555611 0.446995 0.199821
0.556685 0.480969 0.212397
0.55777 0.534922 0.224809
0.55885 0.603247 0.237085
0.559916 0.678501 0.249257
0.561062 0.759711 0.261392
0.562172 0.830311 0.273596
0.563281 0.88555 0.285932
0.564349 0.919176 0.298383
0.565454 0.930831 0.31098
0.566557 0.918769 0.323688
0.567655 0.885767 0.336463
0.568753 0.836792 0.349251
0.569871 0.777581 0.36197
0.570947 0.719416 0.374585
0.572035 0.667231 0.387045
0.573116 0.628896 0.399318
0.574196 0.609383 0.411354
0.575282 0.611879 0.42313
0.576356 0.63679 0.434645
0.577481 0.684684 0.44597
0.578563 0.747262 0.457137
0.579676 0.821818 0.468177
0.580779 0.897992 0.479156
0.581849 0.966302 0.490123
0.582948 1.02346 0.501119
0.584012 1.0607 0.51217
0.58511 1.07685 0.523301
0.586178 1.0698 0.5345
0.587295 1.04006 0.545718
0.588373 0.993767 0.556943
0.589507 0.933024 0.568105
0.590579 0.871721 0.579155
0.591659 0.813923 0.590031
0.592733 0.767528 0.60069
0.59382 0.737801 0.611075
0.594933 0.729511 0.621159
0.595998 0.74407 0.630919
0.597105 0.78135 0.640406
0.598188 0.835974 0.649624
0.599256 0.901804 0.658653
0.600367 0.975481 0.667591
0.601436 1.04368 0.67647
0.602546 1.10391 0.685373
0.603614 1.14544 0.694318
0.604719 1.16692 0.703322
0.605807 1.16466 0.712373
0.606888 1.14005 0.721447
0.607961 1.09669 0.730511
0.609076 1.03729 0.739482
0.610149 0.973277 0.74833
0.611222 0.91014 0.757021
0.612329 0.853726 0.765453
0.61344 0.813009 0.773578
0.614544 0.793429 0.78138
0.615652 0.797289 0.788874
0.616753 0.824206 0.796046
0.617813 0.869071 0.802916
0.618985 0.934446 0.80959
0.620061 1.00191 0.816097
0.621194 1.07213 0.82254
0.622282 1.13083 0.828917
0.62336 1.17382 0.835286
0.624433 1.19681 0.841644
0.625504 1.19748 0.847995
0.626575 1.17582 0.854329
0.627645 1.13428 0.860616
0.628726 1.07683 0.866809
0.629794 1.01112 0.872869
0.630883 0.942496 0.878774
0.631946 0.881397 0.884455
0.633031 0.831971 0.889838
0.63413 0.800849 0.894894
0.635233 0.792279 0.899623
0.636309 0.806594 0.904038
0.637377 0.84115 0.908152
0.63845 0.892165 0.912003
0.639521 0.953415 0.91565
0.640574 1.01678 0.919067
0.642143 1.10159 0.922653
0.643422 1.14925 0.926171
0.644499 1.16766 0.929542
0.645566 1.16364 0.932764
0.646643 1.13719 0.935851
0.647719 1.09089 0.938803
0.648787 1.03004 0.941622
0.649845 0.961391 0.944318
0.650906 0.891316 0.946841
0.651962 0.827532 0.949174
0.653053 0.774765 0.951268
0.654138 0.740998 0.953113
0.655221 0.729232 0.954704
0.656291 0.739908 0.956042
0.657422 0.7733 0.957132
0.658487 0.821234 0.957989
0.659592 0.881434 0.958633
0.660701 0.944732 0.959103
0.661781 1.00123 0.959433
0.662896 1.04661 0.959639
0.663983 1.07227 0.959737
0.665051 1.07597 0.959724
0.666142 1.05657 0.959599
0.667238 1.01498 0.959362
0.668333 0.955384 0.958981
0.669431 0.883698 0.958466
0.670554 0.805943 0.957732
0.67163 0.735177 0.956798
0.672719 0.674721 0.955634
0.673806 0.631651 0.954235
0.674866 0.610183 0.952595
0.675928 0.610547 0.950701
0.677046 0.633551 0.94856
0.678149 0.675274 0.9462
0.679254 0.730011 0.943659
0.68037 0.790737 0.940938
0.681471 0.847771 0.938076
0.682546 0.893179 0.935051
0.683617 0.922173 0.931904
0.684716 0.930611 0.928637
0.685814 0.915424 0.925255
0.686891 0.87823 0.921755
0.688016 0.819248 0.918091
0.689104 0.748267 0.914293
0.690179 0.671664 0.910329
0.691279 0.594525 0.906163
0.692367 0.527173 0.901811
0.693495 0.473822 0.897237
0.694615 0.442605 0.892444
0.69578 0.435816 0.88744
0.696892 0.453228 0.882245
0.697996 0.49021 0.876886
0.699133 0.542761 0.871326
0.700212 0.598939 0.8656
0.701313 0.654536 0.859693
0.702382 0.699392 0.853633
0.703423 0.728406 0.847432
0.704499 0.73866 0.841117
0.705585 0.726237 0.834686
0.706665 0.691302 0.828135
0.707752 0.636106 0.821448
0.708835 0.566105 0.814624
0.709914 0.488102 0.807646
0.711006 0.408475 0.800509
0.712084 0.336856 0.7932
0.713152 0.279444 0.785731
0.714279 0.239068 0.778076
0.715345 0.223026 0.770252
0.716452 0.229649 0.762257
0.717555 0.257557 0.754113
0.718668 0.302365 0.745839
0.719735 0.354588 0.737422
0.720815 0.409234 0.728886
0.721902 0.45832 0.719936
0.722975 0.493991 0.710871
0.72404 0.51144 0.701831
0.72512 0.50744 0.692832
0.726236 0.479319 0.683854
0.727301 0.431371 0.674887
0.728372 0.366339 0.665888
0.72944 0.290503 0.656803
0.730509 0.210643 0.647582
0.731573 0.134635 0.638177
0.732677 0.0669086 0.628538
0.733783 0.0168212 0.618636
0.734889 -0.0111274 0.608467
0.735948 -0.0155291 0.598044
0.737014 0.00117904 0.587357
0.738079 0.035739 0.576457
0.739153 0.0832935 0.565371
0.74022 0.136403 0.554148
0.741298 0.18845 0.542877
0.742369 0.231231 0.531598
0.743452 0.259004 0.520381
0.744601 0.266224 0.509251
0.745717 0.248743 0.49819
0.746835 0.207438 0.487174
0.747897 0.149153 0.476202
0.748978 0.0759579 0.465224
0.750075 -0.00565558 0.454194
0.751134 -0.0840045 0.443045
0.752211 -0.155798 0.431717
0.753324 -0.21467 0.420142
0.754412 -0.252012 0.408311
0.755491 -0.266573 0.396233
0.756563 -0.258749 0.38391
0.757632 -0.231196 0.371365
0.758734 -0.186998 0.358658
0.759828 -0.13399 0.345842
0.760934 -0.0791217 0.333003
0.762013 -0.0321698 0.320206
0.763156 0.00279728 0.307518
0.764241 0.0163371 0.294938
0.765346 0.00716877 0.282483
0.766455 -0.0258428 0.270126
0.767514 -0.0775178 0.257894
0.768636 -0.148949 0.245681
0.769719 -0.227636 0.233449
0.7708 -0.308154 0.22116
0.771864 -0.381847 0.208762
0.772937 -0.443706 0.196214
0.774025 -0.488033 0.183449
0.775105 -0.510163 0.170439
0.776189 -0.509401 0.157171
0.777313 -0.486006 0.143691
0.778419 -0.444883 0.13004
0.779521 -0.392504 0.116328
0.780604 -0.337447 0.102614
0.781677 -0.287073 0.0889899
0.782774 -0.247249 0.0755335
0.783834 -0.225745 0.0622624
0.784903 -0.224769 0.0492074
0.785976 -0.246173 0.0363689
0.787053 -0.289156 0.0237235
0.788131 -0.350242 0.0112187
0.78921 -0.423903 -0.00121697
0.790295 -0.503509 -0.0136545
0.791376 -0.580624 -0.0261783
0.792453 -0.647852 -0.0388563
0.793567 -0.70061 -0.0517316
0.794673 -0.731299 -0.0648373
0.795778 -0.738111 -0.0781591
0.796859 -0.722253 -0.091673
0.797925 -0.687828 -0.105346
0.799026 -0.638086 -0.119067
0.80013 -0.58094 -0.132757
0.801202 -0.526195 -0.146358
0.802332 -0.477473 -0.159765
0.803402 -0.446502 -0.172957
0.804481 -0.435038 -0.185904
0.805668 -0.448258 -0.198611
0.80675 -0.483686 -0.211112
0.807816 -0.537578 -0.223433
0.808898 -0.606522 -0.235642
0.809968 -0.682244 -0.247791
0.811076 -0.760669 -0.259976
0.812187 -0.831175 -0.272221
0.813272 -0.88518 -0.284553
0.814375 -0.919727 -0.297014
0.815484 -0.930811 -0.309606
0.816582 -0.918236 -0.322295
0.817713 -0.883527 -0.335018
0.818816 -0.833633 -0.347734
0.8199 -0.775993 -0.360397
0.820978 -0.717801 -0.372966
0.822059 -0.66621 -0.385391
0.823168 -0.627492 -0.397631
0.824279 -0.608767 -0.409667
0.825357 -0.612903 -0.421475
0.826439 -0.639605 -0.433042
0.827518 -0.686589 -0.444418
0.828596 -0.749361 -0.455628
0.829664 -0.820987 -0.466695
0.830738 -0.895217 -0.477709
0.831813 -0.964171 -0.488704
0.832882 -1.02051 -0.4997
0.833986 -1.06004 -0.510764
0.835088 -1.07676 -0.5219
0.836163 -1.07005 -0.533095
0.837184 -1.04394 -0.544342
0.838269 -0.998831 -0.5556
0.839349 -0.941932 -0.566816
0.840434 -0.87995 -0.57793
0.841524 -0.820675 -0.58886
0.842599 -0.772497 -0.599579
0.843735 -0.739394 -0.609998
0.844859 -0.729319 -0.620114
0.845936 -0.742627 -0.629923
0.847003 -0.777055 -0.639459
0.848083 -0.83004 -0.648723
0.849157 -0.89538 -0.657792
0.850262 -0.968513 -0.666757
0.851331 -1.03731 -0.675665
0.852401 -1.0969 -0.684567
0.853469 -1.14093 -0.693498
0.85454 -1.16504 -0.702493
0.855602 -1.16687 -0.71156
0.856676 -1.14652 -0.720698
0.857741 -1.10689 -0.729876
0.858831 -1.05124 -0.739021
0.859891 -0.988876 -0.748066
0.860994 -0.923105 -0.756895
0.862077 -0.865406 -0.765459
0.863181 -0.820767 -0.773682
0.864264 -0.796235 -0.781549
0.865334 -0.793732 -0.789053
0.866433 -0.814138 -0.796214
0.867512 -0.85469 -0.803066
0.868609 -0.912134 -0.809675
0.869685 -0.978012 -0.81609
0.870762 -1.04601 -0.822387
0.871837 -1.10833 -0.828632
0.872972 -1.16044 -0.834892
0.874062 -1.19131 -0.841189
0.875136 -1.19982 -0.847543
0.876214 -1.18551 -0.85395
0.877297 -1.14973 -0.860366
0.878409 -1.09494 -0.866732
0.879487 -1.0305 -0.873004
0.880629 -0.958234 -0.879038
0.881697 -0.894814 -0.884849
0.882797 -0.841221 -0.890326
0.883857 -0.806568 -0.895451
0.884959 -0.792196 -0.900167
0.886021 -0.800626 -0.904483
0.887091 -0.830103 -0.908438
0.88817 -0.877585 -0.912081
0.889249 -0.937263 -0.915492
0.890345 -1.0031 -0.918734
0.891433 -1.06578 -0.921883
0.892507 -1.11763 -0.925022
0.893584 -1.15339 -0.928204
0.894703 -1.16863 -0.93147
0.895765 -1.1604 -0.93482
0.896883 -1.12844 -0.93823
0.897989 -1.07668 -0.94163
0.899077 -1.01176 -0.944939
0.900154 -0.940783 -0.948072
0.901316 -0.865464 -0.95088
0.902492 -0.799848 -0.953307
0.90357 -0.756086 -0.95536
0.904647 -0.732629 -0.957005
0.905724 -0.73154 -0.958236
0.906813 -0.752723 -0.959086
0.907891 -0.792765 -0.959603
0.908972 -0.846778 -0.959865
0.910091 -0.910057 -0.959969
0.911173 -0.970499 -0.959965
0.912282 -1.02366 -0.959934
0.913386 -1.06073 -0.959899
0.914468 -1.07672 -0.959889
0.915619 -1.06876 -0.959898
0.916686 -1.0385 -0.959887
0.917788 -0.986958 -0.959819
0.918885 -0.920385 -0.959637
0.919944 -0.848222 -0.959316
0.921021 -0.774326 -0.958783
0.922098 -0.707426 -0.957972
0.92319 -0.653647 -0.956843
0.924277 -0.61946 -0.955348
0.925354 -0.60763 -0.95347
0.926438 -0.618328 -0.951231
0.92752 -0.649472 -0.948664
0.928588 -0.695865 -0.945818
0.929703 -0.754254 -0.942763
0.930841 -0.815964 -0.939609
0.931912 -0.868017 -0.936371
0.933002 -0.907802 -0.933103
0.93409 -0.928631 -0.929828
0.935205 -0.926788 -0.926546
0.936273 -0.902143 -0.923246
0.937348 -0.856466 -0.9199
0.938421 -0.794067 -0.916484
0.939501 -0.720328 -0.912926
0.940584 -0.642689 -0.909199
0.941655 -0.569874 -0.905245
0.94277 -0.505868 -0.900997
0.943839 -0.461753 -0.89644
0.944905 -0.438432 -0.891554
0.94601 -0.437577 -0.886335
0.947125 -0.459561 -0.880821
0.948187 -0.498209 -0.875025
0.949296 -0.551046 -0.869033
0.950378 -0.607631 -0.862883
0.951437 -0.660335 -0.856618
0.952506 -0.703709 -0.850267
0.953575 -0.731151 -0.843904
0.954643 -0.738352 -0.837563
0.955728 -0.722872 -0.831246
0.956792 -0.685813 -0.824946
0.957867 -0.629278 -0.818646
0.958933 -0.559252 -0.812283
0.959994 -0.482195 -0.805845
0.961082 -0.403111 -0.799187
0.962186 -0.330696 -0.792251
0.963293 -0.273164 -0.784976
0.964393 -0.236294 -0.777357
0.965498 -0.222551 -0.769395
0.966598 -0.232203 -0.761124
0.967716 -0.263149 -0.752594
0.96882 -0.309416 -0.743858
0.969896 -0.362807 -0.734948
0.970968 -0.416676 -0.725927
0.972055 -0.46433 -0.716869
0.97314 -0.497976 -0.707814
0.974237 -0.512403 -0.698788
0.975321 -0.504162 -0.689804
0.976386 -0.473744 -0.680877
0.977503 -0.420242 -0.671959
0.978608 -0.350293 -0.662993
0.979686 -0.272206 -0.653939
0.980856 -0.185117 -0.644719
0.981929 -0.11122 -0.635354
0.983028 -0.048831 -0.625706
0.98414 -0.00524044 -0.615748
0.985236 0.0149834 -0.605487
0.986329 0.0118685 -0.594939
0.987401 -0.0119128 -0.584136
0.988521 -0.0541299 -0.573146
0.989597 -0.105103 -0.561981
0.990677 -0.159106 -0.550734
0.991733 -0.207288 -0.539439
0.992806 -0.244622 -0.528177
0.993919 -0.264919 -0.517006
0.995029 -0.262418 -0.505946
0.996159 -0.235136 -0.494965
0.997264 -0.185882 -0.484047
0.998344 -0.120226 -0.47316
0.999449 -0.0413702 -0.462198
